0
9.41225e-19
9.48575e-16
5.43181e-14
9.59442e-13
8.88907e-12
5.47364e-11
2.54167e-10
9.59675e-10
3.09341e-09
8.7997e-09
2.26214e-08
5.348e-08
1.17829e-07
2.44451e-07
4.81465e-07
9.06233e-07
1.63893e-06
2.86069e-06
4.83725e-06
7.94912e-06
1.27294e-05
1.99102e-05
3.04787e-05
4.57441e-05
6.74158e-05
9.76935e-05
0.000139372
0.000195953
0.00027178
0.000372173
0.000503581
0.000673751
0.00089189
0.00116884
0.00151728
0.00195185
0.00248941
0.00314913
0.00395269
0.00492439
0.00609131
0.00748335
0.00913333
0.0110769
0.0133528
0.0160025
0.0190699
0.0226019
0.0266474
0.0312572
0.0364841
0.0423818
0.0490047
0.0564076
0.0646446
0.0737691
0.0838322
0.094883
0.106967
0.120125
0.134395
0.149806
0.166384
0.184144
0.203096
0.223239
0.244565
0.267053
0.290673
0.315384
0.341134
0.36786
0.395485
0.423924
0.453079
0.482842
0.513092
0.543703
0.574537
0.605447
0.636283
0.666885
0.697092
0.726737
0.755653
0.783672
0.810626
0.836353
0.860693
0.883492
0.904604
0.923891
0.941228
0.956498
0.969599
0.980443
0.988955
0.995077
0.998767
1
