0
0.000248164
0.000989497
0.00222325
0.00394824
0.0061627
0.00886452
0.012051
0.015719
0.0198649
0.0244846
0.0295736
0.0351268
0.0411387
0.0476035
0.0545146
0.0618654
0.0696486
0.0778564
0.0864808
0.0955133
0.104945
0.114766
0.124968
0.13554
0.146471
0.157751
0.169369
0.181314
0.193572
0.206134
0.218985
0.232113
0.245506
0.25915
0.273032
0.287137
0.301453
0.315964
0.330658
0.345518
0.360531
0.375681
0.390954
0.406335
0.421808
0.437358
0.45297
0.468629
0.484318
0.500023
0.515728
0.531417
0.547076
0.562688
0.578238
0.593711
0.609091
0.624364
0.639514
0.654526
0.669386
0.684079
0.69859
0.712905
0.72701
0.740891
0.754534
0.767926
0.781054
0.793904
0.806464
0.818722
0.830665
0.842282
0.853562
0.864492
0.875063
0.885263
0.895083
0.904514
0.913545
0.922168
0.930375
0.938157
0.945506
0.952416
0.95888
0.96489
0.970442
0.97553
0.980148
0.984293
0.987959
0.991144
0.993845
0.996058
0.997781
0.999013
0.999753
1
