0
1.52833e-11
9.6882e-10
1.09892e-08
6.15476e-08
2.34053e-07
6.96572e-07
1.75013e-06
3.88396e-06
7.83903e-06
1.46785e-05
2.5865e-05
4.33426e-05
6.96229e-05
0.000107874
0.000162009
0.000236779
0.00033786
0.000471936
0.000646784
0.000871347
0.0011558
0.00151163
0.00195163
0.00249001
0.00314237
0.00392572
0.00485853
0.00596062
0.00725321
0.00875884
0.0105013
0.0125055
0.0147975
0.0174042
0.0203535
0.0236738
0.0273942
0.0315438
0.0361523
0.0412488
0.0468626
0.0530222
0.0597554
0.0670891
0.0750489
0.0836589
0.0929414
0.102917
0.113604
0.125017
0.137171
0.150075
0.163735
0.178157
0.193339
0.209279
0.225968
0.243396
0.261547
0.280402
0.299937
0.320124
0.340931
0.362322
0.384256
0.406689
0.429572
0.452854
0.476478
0.500384
0.524512
0.548794
0.573163
0.597548
0.621877
0.646075
0.670066
0.693772
0.717118
0.740024
0.762413
0.784207
0.80533
0.825708
0.845266
0.863934
0.881642
0.898326
0.913922
0.928371
0.941619
0.953614
0.96431
0.973667
0.981647
0.988219
0.993358
0.997043
0.99926
1
