0
3.79275e-15
9.58644e-13
2.44318e-11
2.43005e-10
1.4424e-09
6.17478e-09
2.10909e-08
6.10519e-08
1.55722e-07
3.59397e-07
7.6492e-07
1.52249e-06
2.8642e-06
5.13516e-06
8.83185e-06
1.46485e-05
2.35314e-05
3.67432e-05
5.59344e-05
8.32253e-05
0.000121296
0.000173484
0.000243892
0.000337495
0.000460266
0.000619288
0.000822886
0.00108074
0.00140402
0.00180549
0.00229962
0.00290268
0.00363286
0.00451029
0.00555714
0.00679763
0.00825805
0.00996673
0.011954
0.0142522
0.0168954
0.0199194
0.0233616
0.0272606
0.0316562
0.0365889
0.0420997
0.0482298
0.0550204
0.0625116
0.0707429
0.0797523
0.0895757
0.100247
0.111796
0.124251
0.137635
0.151968
0.167263
0.18353
0.200774
0.21899
0.238171
0.258301
0.279358
0.301312
0.324127
0.347758
0.372154
0.397257
0.423
0.44931
0.476107
0.503304
0.53081
0.558527
0.586349
0.614171
0.641881
0.669362
0.696499
0.723171
0.749259
0.774644
0.799205
0.822825
0.845389
0.866786
0.886908
0.905653
0.922926
0.938635
0.952699
0.965044
0.975604
0.984323
0.991154
0.99606
0.999014
1
