0
6.15853e-08
9.79104e-07
4.94285e-06
1.55886e-05
3.79789e-05
7.85798e-05
0.000145227
0.000247087
0.000394616
0.000599497
0.000874597
0.00123389
0.00169239
0.00226609
0.00297184
0.00382733
0.00485092
0.00606162
0.00747893
0.00912279
0.0110134
0.0131713
0.015617
0.018371
0.0214538
0.0248855
0.028686
0.0328746
0.0374703
0.0424911
0.0479543
0.0538765
0.0602732
0.0671587
0.0745462
0.0824477
0.0908738
0.0998335
0.109334
0.119383
0.129982
0.141136
0.152845
0.165108
0.177922
0.191282
0.205182
0.219613
0.234564
0.250023
0.265975
0.282404
0.299292
0.316618
0.334359
0.352492
0.370992
0.38983
0.408978
0.428405
0.448078
0.467964
0.488028
0.508233
0.528543
0.548919
0.569321
0.58971
0.610045
0.630283
0.650384
0.670306
0.690005
0.709439
0.728567
0.747346
0.765735
0.783691
0.801174
0.818146
0.834565
0.850395
0.865598
0.880138
0.893982
0.907097
0.91945
0.931013
0.941758
0.951658
0.96069
0.968832
0.976063
0.982367
0.987727
0.992131
0.995567
0.998028
0.999507
1
